0.0 30.805843 39.357338 36.05551 40.311287 33.30165 35.35534 39.051247 33.54102 31.622776 33.526108 32.38827 38.078865 35.35534 39.293766 41.231056 40.311287 45.17743 40.04997 35.057095 45.0 35.0 45.044422 35.057095 45.276924 58.5235 57.00877 55.713554 52.201534 52.0 50.289165 51.078373 51.47815 47.434166 44.20407 43.011627 40.60788 37.202152 36.05551 40.311287 30.805843 33.54102 38.078865 35.341194 37.735924 37.202152 38.327538 45.044422 38.052597 35.341194 33.54102 25.0 20.0 18.027756 14.142136 18.027756 26.925823 47.169907 42.426407 26.925823 15.811388 29.15476 39.051247 20.615528 11.18034 13.038404 25.298222 10.0 9.219544 19.646883 25.495098 27.45906 39.293766 36.05551 57.00877 42.941822 49.979996 32.55764 38.470768 7.615773 12.0415945 14.764823 19.235384 27.018513 35.468296 32.202484 38.209946 17.888544 52.478565 4.2426405 12.0415945 14.764823 21.095022 17.117243 20.615528 15.524175 48.166378 14.142136 20.518284 19.235384 45.276924 35.468296 20.615528 42.941822 38.078865 39.293766 
30.805843 0.0 10.0 5.3851647 10.198039 4.0 7.0 8.602325 41.761227 37.0 37.696156 33.105892 43.462627 34.48188 40.311287 41.340054 37.202152 73.37575 68.007355 63.245552 72.277245 62.641838 71.80529 62.0967 71.19691 85.75546 83.240616 83.21658 78.892334 79.881165 77.175125 79.05694 80.43009 74.62573 46.09772 44.14748 43.56604 40.311287 38.327538 39.293766 36.0 33.37664 34.48188 33.734257 7.28011 6.4031243 36.05551 72.8011 66.09841 64.03124 64.14047 45.099888 25.079872 36.249138 17.0 48.82622 50.635956 65.37584 56.293873 16.552946 25.079872 58.728188 69.81404 50.537113 37.336308 42.48529 53.413483 23.43075 24.698177 14.3178215 47.423622 42.201897 25.0 55.03635 72.03471 73.57309 72.00694 23.600847 17.464249 37.536648 31.906113 32.38827 46.486557 57.801384 66.21933 51.009804 51.971146 17.117243 83.21658 31.764761 42.638012 44.553337 45.276924 44.20407 50.990196 39.115215 59.77458 23.345236 40.1995 12.0415945 71.19691 66.21933 50.537113 73.57309 10.440307 25.0 
39.357338 10.0 0.0 5.3851647 2.0 10.770329 12.206555 8.602325 51.41984 46.572525 47.127487 42.379242 52.810986 43.462627 49.24429 50.08992 45.65085 82.96987 77.62087 72.8011 82.0 72.277245 81.58431 71.80529 81.04937 91.400215 88.481636 89.02247 84.40379 85.91275 82.800964 85.146935 87.0 80.43009 45.0 43.0 43.104523 40.311287 38.327538 38.0 37.363083 33.37664 33.0 33.13608 3.6055512 6.4031243 44.72136 82.46211 75.690155 70.71068 72.89719 55.081757 35.057095 41.400482 26.24881 57.306194 60.530983 75.32596 66.09841 25.96151 30.479502 65.946945 77.93587 59.615433 46.840153 51.62364 60.108234 30.805843 34.20526 20.615528 52.43091 45.617977 32.01562 65.03076 81.78631 82.29824 82.006096 32.202484 23.345236 45.486263 38.183765 42.296574 56.044624 66.037865 74.330345 61.008198 61.81424 27.073973 91.787796 40.853397 50.77401 52.201534 51.088158 50.931328 58.821766 45.276924 69.375786 33.24154 50.159744 20.12461 81.04937 74.330345 59.615433 82.29824 3.0 32.01562 
36.05551 5.3851647 5.3851647 0.0 5.0 5.3851647 7.071068 5.0 46.09772 41.231056 41.761227 37.0 47.434166 38.078865 43.863426 44.72136 40.311287 78.74643 73.37575 68.622154 77.62087 68.007355 77.12976 67.44627 76.48529 90.13878 87.46428 87.658424 83.21658 84.40379 81.5414 83.60024 85.146935 79.05694 47.26521 45.276924 45.044422 42.0 40.0 40.311287 38.327538 35.0 35.35534 35.057095 2.0 2.0 39.357338 78.160095 71.470276 68.76772 69.46222 50.24938 30.0 40.311287 22.36068 54.08327 55.9017 70.178345 60.827625 20.615528 29.15476 63.63961 75.0 55.9017 42.72002 47.853943 58.137768 28.284271 30.083218 18.601076 51.47815 45.54119 26.907248 60.0 76.48529 78.892334 77.05842 26.832815 18.439089 42.638012 36.40055 37.65634 51.86521 63.007935 71.40028 56.008926 56.568542 22.36068 88.50989 37.12142 47.801674 49.57822 49.648766 48.9183 56.0803 43.60046 64.03124 28.635643 45.39824 17.029387 76.48529 71.40028 55.9017 78.892334 7.071068 26.907248 
40.311287 10.198039 2.0 5.0 0.0 10.198039 11.18034 7.071068 50.990196 46.09772 46.572525 41.761227 52.201534 42.72002 48.466484 49.24429 44.72136 83.52245 78.160095 73.37575 82.46211 72.8011 82.0 72.277245 81.394104 93.00538 90.13878 90.60353 86.023254 87.458565 84.40379 86.683334 88.45903 82.006096 47.0 45.0 45.099888 42.296574 40.311287 40.0 39.293766 35.35534 35.0 35.128338 3.0 5.3851647 43.863426 82.96987 76.243034 72.138756 73.82411 55.226807 35.0 43.011627 26.925823 58.30952 60.827625 75.16648 65.76473 25.495098 32.01562 67.26812 79.05694 60.41523 47.434166 52.392746 61.522354 32.01562 34.785053 21.931713 54.08327 47.423622 30.805843 65.0 81.394104 83.240616 82.05486 31.38471 22.022715 46.615448 39.623226 42.579338 56.61272 67.11929 75.45197 61.008198 61.522354 27.294687 92.7847 41.62932 51.86521 53.413483 52.63079 52.3259 60.0 46.75468 68.88396 33.54102 50.358715 21.095022 81.394104 75.45197 60.41523 83.240616 5.0 30.805843 
33.30165 4.0 10.770329 5.3851647 10.198039 0.0 3.0 5.8309517 40.792156 35.902645 36.40055 31.622776 42.059483 32.695564 38.483765 39.357338 34.98571 74.672615 69.289246 64.62198 73.37575 63.90618 72.8011 63.245552 72.03471 89.1852 86.76981 86.608315 82.36504 83.21658 80.622574 82.37718 83.60024 78.03204 50.01 48.052055 47.518417 44.28318 42.296574 43.174065 40.0 37.336308 38.327538 37.65634 7.28011 5.0 34.0 74.0 67.41662 67.20119 66.287254 45.54119 25.079872 39.92493 19.209373 51.224995 51.41984 65.06919 55.578773 15.297058 28.79236 61.7171 72.34639 52.478565 38.910152 44.418465 56.61272 26.627054 26.41969 18.027756 51.078373 46.09772 21.931713 55.03635 71.19691 75.716576 72.1734 21.470911 13.892444 40.311287 35.35534 33.24154 47.92703 60.307545 68.76772 51.088158 51.351727 18.027756 85.44589 33.83785 45.276924 47.423622 48.76474 47.434166 53.740116 42.544094 58.694122 24.351591 40.792156 15.264338 72.03471 68.76772 52.478565 75.716576 12.206555 21.931713 
35.35534 7.0 12.206555 7.071068 11.18034 3.0 0.0 5.0 40.311287 35.35534 35.69314 30.805843 41.231056 31.622776 37.336308 38.078865 33.54102 75.76939 70.38466 65.795135 74.330345 65.0 73.68175 64.25729 72.8011 91.787796 89.44272 89.1852 85.0 85.75546 83.240616 84.90583 86.023254 80.622574 52.95281 50.990196 50.48762 47.26521 45.276924 46.09772 43.0 40.311287 41.231056 40.60788 8.602325 5.8309517 32.695564 75.026665 68.54196 69.63476 68.007355 46.09772 25.495098 42.72002 21.213203 53.15073 52.201534 65.0 55.226807 15.0 31.622776 64.03124 74.330345 54.08327 40.311287 46.043457 59.07622 29.15476 28.01785 20.880613 53.851646 49.0306 19.849434 55.226807 70.71068 77.42093 72.443085 20.248457 11.401754 42.520584 38.013157 34.176014 49.193497 62.289646 70.76723 51.351727 51.088158 19.235384 87.20092 35.608986 47.38143 49.67897 51.42956 49.92995 55.9017 45.17743 58.0517 25.495098 41.484936 17.888544 72.8011 70.76723 54.08327 77.42093 14.142136 19.849434 
39.051247 8.602325 8.602325 5.0 7.071068 5.8309517 5.0 0.0 45.276924 40.311287 40.60788 35.69314 46.09772 36.40055 42.059483 42.72002 38.078865 80.411446 75.026665 70.38466 79.05694 69.641945 78.44743 68.94926 77.62087 94.33981 91.787796 91.809586 87.46428 88.481636 85.75546 87.658424 89.02247 83.21658 52.23983 50.24938 50.039986 47.0 45.0 45.276924 43.289722 40.0 40.311287 40.04997 5.3851647 3.0 37.336308 79.71198 73.1642 72.62231 72.11102 50.990196 30.413813 44.72136 25.0 57.00877 57.00877 70.0 60.207973 20.0 33.54102 67.26812 78.10249 58.30952 44.72136 50.24938 62.008064 32.01562 32.24903 22.825424 55.9017 50.289165 23.853722 60.207973 75.66373 81.5414 77.41447 25.0 15.0 45.96738 40.496914 38.8973 53.712196 66.068146 74.518456 56.32051 56.0803 23.769728 91.26335 39.661064 50.990196 53.037724 53.851646 52.801514 59.413803 47.707443 62.968246 30.083218 46.32494 20.615528 77.62087 74.518456 58.30952 81.5414 11.18034 23.853722 
33.54102 41.761227 51.41984 46.09772 50.990196 40.792156 40.311287 45.276924 0.0 5.0 5.3851647 10.198039 5.0 11.18034 9.433981 11.18034 14.142136 45.343136 40.60788 37.735924 42.426407 36.05551 41.036568 34.4093 39.051247 85.146935 85.0 82.1523 80.0 78.160095 78.0 77.16217 75.66373 75.0 75.82216 74.330345 72.34639 68.76772 67.26812 70.71068 62.482 63.63961 67.26812 65.06919 48.052055 45.705578 12.806249 43.863426 39.40812 62.0 47.434166 15.811388 18.027756 51.47815 32.01562 40.0 22.36068 25.495098 15.0 25.495098 46.09772 55.0 57.00877 35.35534 25.495098 31.06445 54.451813 39.051247 27.018513 42.201897 58.5235 60.90156 26.24881 18.027756 30.413813 55.03635 34.539833 21.095022 33.24154 38.8973 45.276924 18.788294 27.294687 47.38143 54.34151 15.556349 11.18034 26.925823 64.412735 29.546574 39.623226 43.737854 53.75872 48.76474 46.043457 48.8467 18.027756 23.345236 16.0 38.27532 39.051247 54.34151 35.35534 55.03635 52.201534 26.24881 
31.622776 37.0 46.572525 41.231056 46.09772 35.902645 35.35534 40.311287 5.0 0.0 2.0 5.3851647 7.071068 7.071068 8.0 10.0 11.18034 48.79549 43.863426 40.60788 46.09772 39.051247 44.82187 37.536648 43.011627 85.58621 85.146935 82.607506 80.1561 78.63841 78.160095 77.64664 76.48529 75.16648 72.62231 71.063354 69.2026 65.60488 64.03124 67.26812 59.405388 60.207973 63.63961 61.554855 43.174065 40.792156 9.433981 47.423622 42.520584 62.201286 49.24429 18.027756 14.142136 49.24429 28.284271 40.311287 25.0 30.413813 20.0 20.615528 43.011627 55.226807 58.5235 36.40055 25.0 31.144823 54.037025 36.05551 24.186773 38.28838 57.00877 58.60034 21.540659 22.36068 35.35534 57.306194 39.217342 16.124516 28.284271 37.65634 42.953465 17.262676 28.460499 48.270073 55.65968 19.416489 16.124516 22.803509 66.88796 27.89265 39.051247 43.104523 52.392746 47.67599 46.09772 47.127487 22.803509 20.0 16.763054 34.20526 43.011627 55.65968 36.40055 57.306194 47.434166 21.540659 
33.526108 37.696156 47.127487 41.761227 46.572525 36.40055 35.69314 40.60788 5.3851647 2.0 0.0 5.0 5.8309517 5.8309517 6.0 8.0 9.433981 50.20956 45.343136 42.201897 47.423622 40.60788 46.09772 39.051247 44.20407 87.57283 87.14356 84.59315 82.1523 80.622574 80.1561 79.630394 78.44743 77.16217 74.20242 72.62231 70.80254 67.20119 65.60488 68.76772 61.03278 61.7171 65.06919 63.03174 43.68066 41.231056 7.81025 48.79549 44.04543 64.195015 51.078373 19.723083 15.6205 51.078373 29.732138 42.296574 26.627054 30.805843 20.09975 21.189621 44.65423 57.21888 60.40695 38.327538 27.0 33.13608 56.0357 37.735924 25.942244 39.623226 58.940647 60.41523 20.880613 23.323807 35.128338 59.05929 39.92493 16.0 28.071337 39.623226 44.777225 19.235384 30.364452 50.219517 57.567352 20.615528 16.492422 24.083189 68.60029 29.832869 41.04875 45.099888 54.34151 49.648766 48.09366 49.0408 22.36068 21.633308 18.681541 35.468296 44.20407 57.567352 38.327538 59.05929 48.104053 20.880613 
32.38827 33.105892 42.379242 37.0 41.761227 31.622776 30.805843 35.69314 10.198039 5.3851647 5.0 0.0 10.440307 3.0 7.81025 9.433981 8.0 53.814495 48.79549 45.343136 51.224995 43.863426 50.0 42.426407 48.259712 88.28363 87.57283 85.32877 82.607506 81.394104 80.622574 80.411446 79.555016 77.64664 71.281136 69.63476 67.95587 64.3506 62.681736 65.60488 58.30952 58.60034 61.7171 59.816387 38.8973 36.40055 6.0 52.49762 47.38143 64.77654 53.235325 22.671568 13.0 49.335587 26.627054 43.174065 29.732138 35.69314 25.079872 16.552946 42.059483 57.870544 62.241467 39.92493 27.45906 33.955853 56.0803 35.341194 24.04163 36.124783 57.870544 58.5235 16.155495 27.730848 40.112343 61.587337 44.598206 11.0 23.086792 39.051247 43.011627 19.104973 32.202484 51.546097 59.236813 24.698177 21.377558 20.615528 71.281136 29.068884 41.109608 45.044422 53.460266 49.09175 48.6621 47.853943 27.294687 19.313208 20.59126 31.827662 48.259712 59.236813 39.92493 61.587337 43.462627 16.155495 
38.078865 43.462627 52.810986 47.434166 52.201534 42.059483 41.231056 46.09772 5.0 7.071068 5.8309517 10.440307 0.0 10.0 5.8309517 7.071068 11.18034 49.20366 44.65423 42.059483 46.09772 40.311287 44.598206 38.587563 42.426407 90.13878 90.0 87.14356 85.0 83.15047 83.0 82.1523 80.622574 80.0 79.64923 78.10249 76.2168 72.62231 71.063354 74.330345 66.4003 67.26812 70.71068 68.622154 49.335587 46.840153 10.440307 47.63402 43.56604 67.0 52.201534 20.615528 21.213203 55.9017 35.35534 45.0 26.925823 26.925823 15.811388 26.925823 50.0 60.0 61.846584 40.311287 30.413813 36.05551 59.413803 43.011627 31.06445 45.343136 63.245552 65.29931 25.179358 21.213203 30.0 59.615433 36.71512 21.213203 33.01515 43.68066 49.648766 23.409399 32.24903 52.34501 59.22837 19.416489 13.038404 29.832869 68.8767 34.176014 44.553337 48.6621 58.5235 53.600372 51.0392 53.488316 17.029387 27.018513 21.0 41.231056 42.426407 59.22837 40.311287 59.615433 53.851646 25.179358 
35.35534 34.48188 43.462627 38.078865 42.72002 32.695564 31.622776 36.40055 11.18034 7.071068 5.8309517 3.0 10.0 0.0 5.8309517 7.071068 5.0 55.86591 50.931328 47.63402 53.15073 46.09772 51.855568 44.598206 50.0 91.24144 90.55385 88.28363 85.58621 84.34453 83.60024 83.360664 82.46211 80.622574 73.78347 72.11102 70.491135 66.88796 65.192024 68.007355 60.90156 61.03278 64.03124 62.201286 39.92493 37.336308 3.0 54.48853 49.57822 67.74216 55.9017 25.0 15.811388 52.201534 29.15476 46.09772 32.01562 36.40055 25.495098 18.027756 44.72136 60.827625 65.0 42.72002 30.413813 36.878178 59.07622 38.078865 26.925823 38.418747 60.827625 61.351448 15.297058 29.15476 40.0 64.14047 45.694637 11.401754 23.021729 42.047592 45.88028 22.090721 34.928497 54.405884 62.03225 26.400757 22.135944 23.021729 73.78347 32.06244 44.102154 48.04165 56.435802 52.086468 51.62364 50.803543 27.018513 22.135944 23.259407 34.058773 50.0 62.03225 42.72002 64.14047 44.72136 15.297058 
39.293766 40.311287 49.24429 43.863426 48.466484 38.483765 37.336308 42.059483 9.433981 8.0 6.0 7.81025 5.8309517 5.8309517 0.0 2.0 5.3851647 54.67175 50.0 47.169907 51.662365 45.486263 50.20956 43.829212 48.104053 93.53609 93.13431 90.55385 88.14193 86.579445 86.145226 85.58621 84.34453 83.15047 79.05694 77.42093 75.716576 72.11102 70.45566 73.409805 66.037865 66.4003 69.52697 67.62396 45.694637 43.081318 5.0 53.15073 48.82622 70.178345 56.648037 25.079872 20.59126 56.648037 34.4093 48.259712 31.764761 32.695564 21.540659 23.853722 49.73932 63.1981 66.09841 44.14748 33.0 39.115215 62.03225 42.941822 31.38471 43.931767 64.7611 65.9242 20.0 26.907248 35.128338 64.40497 42.544094 17.088007 28.284271 45.54119 50.32892 25.179358 36.138622 56.089214 63.324562 24.839485 18.867962 28.42534 73.82411 35.69314 47.042534 51.088158 60.207973 55.578773 54.08327 54.81788 22.090721 26.832815 24.5153 39.623226 48.104053 63.324562 44.14748 64.40497 50.537113 20.0 
41.231056 41.340054 50.08992 44.72136 49.24429 39.357338 38.078865 42.72002 11.18034 10.0 8.0 9.433981 7.071068 7.071068 2.0 0.0 5.0 56.22277 51.613953 48.8774 53.15073 47.169907 51.662365 45.486263 49.497475 95.524864 95.131485 92.541885 90.13878 88.56636 88.14193 87.57283 86.313385 85.146935 80.70936 79.05694 77.388626 73.78347 72.11102 75.0 67.74216 68.007355 71.063354 69.2026 46.518814 43.863426 5.3851647 54.67175 50.47772 72.1734 58.5235 26.925823 22.36068 58.5235 36.05551 50.24938 33.54102 33.54102 22.36068 25.0 51.47815 65.192024 68.007355 46.09772 35.0 41.109608 64.03124 44.72136 33.24154 45.453274 66.70832 67.77905 20.09975 28.284271 35.35534 66.211784 43.56604 17.888544 28.635643 47.518417 52.201534 27.166155 38.078865 58.0517 65.25335 26.400757 20.0 30.0 75.591 37.65634 49.0408 53.08484 62.169125 57.558666 56.0803 56.753853 22.36068 28.635643 26.476404 41.109608 49.497475 65.25335 46.09772 66.211784 51.47815 20.09975 
40.311287 37.202152 45.65085 40.311287 44.72136 34.98571 33.54102 38.078865 14.142136 11.18034 9.433981 8.0 11.18034 5.0 5.3851647 5.0 0.0 59.464275 54.67175 51.613953 56.568542 50.0 55.17246 48.414875 53.15073 96.17692 95.524864 93.214806 90.55385 89.26926 88.56636 88.28363 87.32124 85.58621 78.03204 76.321686 74.793045 71.19691 69.46222 72.11102 65.29931 65.192024 68.007355 66.287254 42.059483 39.357338 2.0 58.0 53.413483 72.691124 60.41523 29.15476 20.615528 57.00877 33.54102 50.990196 36.05551 38.078865 26.925823 21.213203 49.24429 65.76473 69.641945 47.434166 35.35534 41.773197 64.070274 42.72002 31.780497 42.43819 65.76473 66.09841 15.132746 32.01562 40.311287 68.47627 47.88528 13.601471 23.769728 47.042534 50.695168 27.073973 39.56008 59.20304 66.730804 29.698484 24.186773 27.294687 78.03204 37.054016 49.09175 53.037724 61.400326 57.07889 56.568542 55.7315 27.294687 26.925823 27.856777 38.013157 53.15073 66.730804 47.434166 68.47627 47.169907 15.132746 
45.17743 73.37575 82.96987 78.74643 83.52245 74.672615 75.76939 80.411446 45.343136 48.79549 50.20956 53.814495 49.20366 55.86591 54.67175 56.22277 59.464275 0.0 5.3851647 10.198039 4.0 10.770329 6.0 11.661903 9.0 56.797886 59.16925 54.120235 54.91812 50.606323 53.25411 49.73932 45.617977 50.803543 83.240616 82.710335 79.81228 77.12976 76.687675 81.58431 71.38628 75.802376 80.75271 77.781746 80.65358 79.37884 58.0 2.0 7.28011 41.036568 18.601076 31.400637 51.0 56.089214 56.753853 30.594116 24.41311 29.427877 37.161808 62.177166 60.00833 36.619667 25.806976 25.019993 36.138622 32.140316 42.059483 55.145264 48.76474 64.629715 54.230988 62.936478 69.2026 28.301943 39.0 17.464249 21.095022 62.425957 73.57309 42.107006 53.235325 41.62932 26.925823 27.294687 26.172504 29.832869 37.215588 56.648037 23.0 42.579338 37.336308 39.051247 49.979996 44.922153 34.176014 50.219517 42.059483 50.32892 34.98571 63.348244 9.0 26.172504 25.019993 17.464249 82.2253 69.2026 
40.04997 68.007355 77.62087 73.37575 78.160095 69.289246 70.38466 75.026665 40.60788 43.863426 45.343136 48.79549 44.65423 50.931328 50.0 51.613953 54.67175 5.3851647 0.0 5.0 5.3851647 5.3851647 6.4031243 6.4031243 8.602325 56.648037 58.60034 53.851646 54.120235 50.159744 52.35456 49.24429 45.54119 49.73932 79.05694 78.44743 75.58439 72.8011 72.277245 77.12976 66.94027 71.19691 76.11833 73.1642 75.28612 74.0 53.15073 5.0 2.0 39.051247 16.40122 26.24881 45.65085 51.662365 51.41984 26.24881 19.209373 27.0 33.526108 56.82429 55.081757 33.970577 25.079872 20.22375 30.805843 27.018513 38.832977 50.039986 43.416588 59.413803 50.537113 58.872746 64.03124 24.166092 37.336308 18.110771 20.248457 57.201397 68.26419 37.336308 48.507732 36.249138 21.587032 24.207438 24.698177 25.23886 33.105892 51.264023 25.495098 37.336308 32.75668 34.785053 46.09772 40.853397 30.413813 45.88028 38.832977 44.94441 29.681644 58.0517 8.602325 24.698177 20.22375 18.110771 76.902534 64.03124 
35.057095 63.245552 72.8011 68.622154 73.37575 64.62198 65.795135 70.38466 37.735924 40.60788 42.201897 45.343136 42.059483 47.63402 47.169907 48.8774 51.613953 10.198039 5.0 0.0 10.198039 2.0 10.770329 4.0 12.206555 55.081757 56.648037 52.201534 52.0 48.38388 50.159744 47.434166 44.14748 47.423622 74.330345 73.68175 70.837845 68.007355 67.44627 72.277245 62.0967 66.287254 71.19691 68.24954 70.5195 69.289246 50.0 10.0 3.0 36.05551 13.928389 22.671568 41.340054 46.840153 46.572525 21.540659 15.6205 27.45906 32.38827 52.478565 50.08992 30.479502 23.537205 15.297058 25.96151 22.022715 34.828148 45.044422 38.600517 54.451813 46.141087 54.230988 60.207973 22.561028 38.327538 18.248287 22.472204 53.263496 64.070274 32.38827 43.56604 31.764761 16.763054 20.518284 22.472204 22.847319 31.320919 46.615448 26.925823 32.38827 27.89265 30.083218 41.59327 36.249138 26.076809 41.109608 38.118237 40.311287 25.612497 53.15073 12.206555 22.472204 15.297058 18.248287 72.03471 60.207973 
45.0 72.277245 82.0 77.62087 82.46211 73.37575 74.330345 79.05694 42.426407 46.09772 47.423622 51.224995 46.09772 53.15073 51.662365 53.15073 56.568542 4.0 5.3851647 10.198039 0.0 10.0 2.0 10.198039 5.0 60.41523 62.649822 57.697487 58.30952 54.120235 56.603886 53.235325 49.24429 54.08327 84.4334 83.81527 80.95678 78.160095 77.62087 82.46211 72.277245 76.48529 81.394104 78.44743 79.555016 78.160095 55.17246 2.0 7.28011 43.863426 21.213203 29.15476 49.24429 57.00877 55.9017 31.622776 22.36068 25.495098 33.54102 60.41523 60.207973 39.051247 29.15476 25.495098 35.35534 32.01562 44.102154 55.0 47.853943 64.195015 55.9017 64.25729 66.85058 25.0 35.0 21.189621 17.117243 60.207973 71.5891 42.579338 53.75872 40.16217 26.172504 29.410883 29.206163 26.870058 33.83785 55.362442 27.0 42.107006 38.078865 40.16217 51.47815 46.238514 35.77709 51.24451 38.27532 49.0408 33.105892 62.649822 5.0 29.206163 25.495098 21.189621 81.394104 66.85058 
35.0 62.641838 72.277245 68.007355 72.8011 63.90618 65.0 69.641945 36.05551 39.051247 40.60788 43.863426 40.311287 46.09772 45.486263 47.169907 50.0 10.770329 5.3851647 2.0 10.0 0.0 10.198039 2.0 11.18034 57.00877 58.5235 54.120235 53.851646 50.289165 52.0 49.335587 46.09772 49.24429 75.026665 74.330345 71.51224 68.622154 68.007355 72.8011 62.641838 66.70832 71.5891 68.65858 69.92139 68.622154 48.414875 10.198039 3.6055512 37.735924 15.811388 21.213203 40.311287 47.434166 46.09772 22.36068 14.142136 25.495098 30.413813 51.47815 50.24938 32.01562 25.495098 15.811388 25.495098 22.022715 36.124783 45.0 38.078865 54.230988 47.169907 55.03635 58.898216 20.615528 36.40055 20.22375 20.808653 52.009613 62.968246 32.75668 43.931767 30.870699 16.27882 22.022715 24.351591 21.023796 29.410883 45.88028 28.79236 32.140316 28.460499 30.870699 42.544094 37.12142 27.202942 41.785164 36.124783 39.56008 24.41311 52.773098 11.18034 24.351591 15.811388 20.22375 71.5891 58.898216 
45.044422 71.80529 81.58431 77.12976 82.0 72.8011 73.68175 78.44743 41.036568 44.82187 46.09772 50.0 44.598206 51.855568 50.20956 51.662365 55.17246 6.0 6.4031243 10.770329 2.0 10.198039 0.0 10.0 3.0 62.241467 64.412735 59.5063 60.033325 55.9017 58.30952 55.00909 51.078373 55.758408 85.09406 84.4334 81.596565 78.74643 78.160095 82.96987 72.8011 76.902534 81.78631 78.854294 79.07591 77.62087 53.814495 4.0 8.062258 45.343136 22.671568 28.178005 48.466484 57.567352 55.578773 32.31099 21.540659 23.537205 31.764761 59.615433 60.40695 40.36087 30.88689 25.96151 35.128338 32.140316 45.221676 55.03635 47.518417 64.070274 56.82429 65.0 65.734314 23.43075 33.0 23.086792 15.132746 59.16925 70.66116 42.953465 54.129475 39.56008 26.019224 30.610456 30.805843 25.495098 32.202484 54.81788 29.0 42.0119 38.600517 40.853397 52.3259 47.010635 36.71512 51.86521 36.40055 48.507732 32.31099 62.39391 3.0 30.805843 25.96151 23.086792 81.04937 65.734314 
35.057095 62.0967 71.80529 67.44627 72.277245 63.245552 64.25729 68.94926 34.4093 37.536648 39.051247 42.426407 38.587563 44.598206 43.829212 45.486263 48.414875 11.661903 6.4031243 4.0 10.198039 2.0 10.0 0.0 10.440307 58.940647 60.40695 56.044624 55.713554 52.201534 53.851646 51.24451 48.052055 51.078373 75.76939 75.026665 72.235725 69.289246 68.622154 73.37575 63.245552 67.18631 72.03471 69.12308 69.375786 68.007355 46.8615 10.770329 5.0 39.446167 17.720045 19.849434 39.357338 48.104053 45.705578 23.323807 12.806249 23.537205 28.442924 50.537113 50.48762 33.600594 27.45906 16.552946 25.179358 22.203604 37.48333 45.044422 37.65634 54.08327 48.259712 55.9017 57.628117 18.681541 34.48188 22.203604 19.209373 50.803543 61.91123 33.24154 44.38468 30.083218 16.03122 23.600847 26.24881 19.235384 27.513634 45.221676 30.675724 32.01562 29.15476 31.764761 43.56604 38.078865 28.42534 42.544094 34.132095 38.8973 23.323807 52.46904 10.440307 26.24881 16.552946 22.203604 71.19691 57.628117 
45.276924 71.19691 81.04937 76.48529 81.394104 72.03471 72.8011 77.62087 39.051247 43.011627 44.20407 48.259712 42.426407 50.0 48.104053 49.497475 53.15073 9.0 8.602325 12.206555 5.0 11.18034 3.0 10.440307 0.0 65.0 67.08204 62.241467 62.649822 58.60034 60.90156 57.697487 53.851646 58.30952 86.162636 85.44004 82.637764 79.71198 79.05694 83.81527 73.68175 77.62087 82.46211 79.555016 78.44743 76.902534 51.855568 7.0 9.899495 47.63402 25.0 26.925823 47.434166 58.5235 55.226807 33.54102 20.615528 20.615528 29.15476 58.5235 60.827625 42.426407 33.54102 26.925823 35.0 32.55764 47.010635 55.226807 47.169907 64.0 58.30952 66.211784 64.14047 21.213203 30.0 25.96151 12.165525 57.706154 69.354164 43.68066 54.81788 38.832977 26.076809 32.55764 33.286633 23.600847 29.832869 54.129475 32.0 42.047592 39.56008 42.047592 53.712196 48.30114 38.27532 52.924473 33.61547 47.853943 31.320919 62.1289 0.0 33.286633 26.925823 25.96151 80.622574 64.14047 
58.5235 85.75546 91.400215 90.13878 93.00538 89.1852 91.787796 94.33981 85.146935 85.58621 87.57283 88.28363 90.13878 91.24144 93.53609 95.524864 96.17692 56.797886 56.648037 55.081757 60.41523 57.00877 62.241467 58.940647 65.0 0.0 5.0 3.0 7.071068 7.0 8.602325 8.0 11.18034 11.18034 61.7171 62.649822 60.033325 59.908264 61.03278 65.192024 58.258045 64.03124 68.007355 65.60488 91.26335 91.809586 94.20191 58.60034 55.97321 23.537205 41.231056 70.0 77.62087 50.0 71.5891 45.276924 65.192024 82.46211 85.58621 85.44004 61.03278 30.413813 31.622776 50.0 60.827625 54.451813 33.24154 62.649822 67.6757 71.561165 39.051247 47.423622 97.71899 75.66373 93.40771 39.357338 76.896034 90.80198 96.77293 50.92151 53.851646 69.2315 58.00862 38.013157 32.75668 74.24284 83.21658 76.321686 37.536648 60.440052 47.539455 43.965897 40.496914 42.047592 39.623226 46.647614 91.787796 72.42237 69.18092 73.92564 65.0 32.75668 50.0 39.357338 89.02247 97.71899 
57.00877 83.240616 88.481636 87.46428 90.13878 86.76981 89.44272 91.787796 85.0 85.146935 87.14356 87.57283 90.0 90.55385 93.13431 95.131485 95.524864 59.16925 58.60034 56.648037 62.649822 58.5235 64.412735 60.40695 67.08204 5.0 0.0 5.8309517 5.0 8.602325 7.0 9.433981 14.142136 10.0 57.306194 58.30952 55.758408 55.803226 57.00877 61.03278 54.48853 60.207973 64.03124 61.7171 88.50989 89.1852 93.53609 60.90156 57.77543 23.0 42.72002 70.178345 76.48529 47.169907 69.641945 45.0 65.76473 83.81527 86.313385 83.81527 58.30952 30.0 33.54102 50.24938 60.207973 54.037025 31.780497 60.41523 66.21933 68.96376 36.05551 43.863426 96.30161 76.48529 94.86833 41.880783 78.79086 89.498604 94.92102 49.47727 51.42956 68.46897 58.137768 38.470768 34.176014 74.8131 83.725746 74.63243 41.036568 59.22837 46.52956 42.755116 38.013157 40.16217 39.051247 44.28318 92.574295 71.063354 69.0 71.55418 67.08204 34.176014 50.24938 41.880783 86.023254 96.30161 
55.713554 83.21658 89.02247 87.658424 90.60353 86.608315 89.1852 91.809586 82.1523 82.607506 84.59315 85.32877 87.14356 88.28363 90.55385 92.541885 93.214806 54.120235 53.851646 52.201534 57.697487 54.120235 59.5063 56.044624 62.241467 3.0 5.8309517 0.0 5.3851647 4.0 6.4031243 5.0 8.602325 8.602325 60.41523 61.269894 58.59181 58.30952 59.36329 63.631752 56.400356 62.201286 66.287254 63.82006 88.814415 89.30846 91.24144 55.9017 53.14132 20.615528 38.327538 67.0 74.726166 47.63402 68.8767 42.296574 62.201286 79.555016 82.607506 82.637764 58.60034 27.45906 28.79236 47.0 57.870544 51.47815 30.463093 60.033325 64.84597 69.065186 36.796738 45.453274 94.86833 72.691124 90.52071 36.71512 74.094536 87.93179 94.02127 48.104053 51.312767 66.287254 55.00909 35.014282 29.832869 71.25307 80.224686 73.53911 35.35534 57.567352 44.64303 41.109608 38.013157 39.357338 36.67424 44.102154 88.814415 69.57011 66.189125 71.34424 62.241467 29.832869 47.0 36.71512 86.683334 94.86833 
52.201534 78.892334 84.40379 83.21658 86.023254 82.36504 85.0 87.46428 80.0 80.1561 82.1523 82.607506 85.0 85.58621 88.14193 90.13878 90.55385 54.91812 54.120235 52.0 58.30952 53.851646 60.033325 55.713554 62.649822 7.071068 5.0 5.3851647 0.0 5.3851647 2.0 5.8309517 11.18034 5.0 55.03635 55.9017 53.235325 53.0 54.08327 58.30952 51.224995 57.00877 61.03278 58.60034 84.31489 84.90583 88.56636 56.603886 53.225933 18.0 38.078865 65.192024 71.5891 43.011627 65.0 40.0 60.827625 79.05694 81.394104 79.05694 54.08327 25.0 29.15476 45.276924 55.226807 49.0408 26.925823 55.9017 61.400326 64.66065 32.01562 40.36087 91.48224 71.5891 90.13878 37.802116 74.24958 84.646324 90.24966 44.64303 47.010635 63.505905 53.15073 33.54102 29.546574 69.87131 78.77182 69.89278 37.802116 54.34151 41.59327 37.85499 33.61547 35.468296 34.058773 39.824615 87.66413 66.21933 64.0 67.11929 62.649822 29.546574 45.276924 37.802116 82.006096 91.48224 
52.0 79.881165 85.91275 84.40379 87.458565 83.21658 85.75546 88.481636 78.160095 78.63841 80.622574 81.394104 83.15047 84.34453 86.579445 88.56636 89.26926 50.606323 50.159744 48.38388 54.120235 50.289165 55.9017 52.201534 58.60034 7.0 8.602325 4.0 5.3851647 0.0 5.0 1.0 5.8309517 5.8309517 58.872746 59.615433 56.859474 56.35601 57.306194 61.7171 54.08327 59.908264 64.14047 61.587337 85.60374 86.023254 87.29834 52.35456 49.396355 16.763054 34.48188 63.0 70.88018 44.598206 65.29931 38.327538 58.21512 75.690155 78.63841 78.92401 55.443665 23.537205 25.079872 43.0 53.935146 47.518417 26.832815 56.603886 61.09828 65.802734 33.970577 43.011627 91.08238 68.73136 86.683334 33.286633 70.38466 84.118965 90.37699 44.38468 48.010414 62.369865 51.009804 31.016125 25.96151 67.26812 76.23647 69.856995 32.649654 53.75872 40.804413 37.336308 34.828148 35.846897 32.75668 40.804413 84.85281 65.78754 62.201286 67.95587 58.60034 25.96151 43.0 33.286633 83.630135 91.08238 
50.289165 77.175125 82.800964 81.5414 84.40379 80.622574 83.240616 85.75546 78.0 78.160095 80.1561 80.622574 83.0 83.60024 86.145226 88.14193 88.56636 53.25411 52.35456 50.159744 56.603886 52.0 58.30952 53.851646 60.90156 8.602325 7.0 6.4031243 2.0 5.0 0.0 5.0990195 10.440307 3.0 54.230988 55.03635 52.3259 51.971146 53.0 57.306194 50.0 55.803226 59.908264 57.428215 82.661964 83.21658 86.579445 54.91812 51.42956 16.0 36.249138 63.1981 69.63476 41.400482 63.15853 38.0 58.855755 77.16217 79.429214 77.16217 52.43091 23.0 27.45906 43.289722 53.235325 47.042534 25.0 54.120235 59.48109 62.968246 30.479502 39.051247 89.560036 69.63476 88.25531 36.23534 72.44998 82.710335 88.391174 42.72002 45.276924 61.522354 51.156624 31.575306 27.730848 67.89698 76.79192 68.007355 36.619667 52.392746 39.623226 35.902645 31.906113 33.61547 32.06244 38.078865 85.70297 64.288414 62.0 65.36819 60.90156 27.730848 43.289722 36.23534 80.43009 89.560036 
51.078373 79.05694 85.146935 83.60024 86.683334 82.37718 84.90583 87.658424 77.16217 77.64664 79.630394 80.411446 82.1523 83.360664 85.58621 87.57283 88.28363 49.73932 49.24429 47.434166 53.235325 49.335587 55.00909 51.24451 57.697487 8.0 9.433981 5.0 5.8309517 1.0 5.0990195 0.0 5.3851647 5.3851647 58.5235 59.236813 56.462376 55.9017 56.82429 61.269894 53.535034 59.36329 63.631752 61.05735 84.811554 85.2115 86.313385 51.47815 48.466484 15.811388 33.526108 62.0 69.92139 43.863426 64.412735 37.336308 57.21888 74.726166 77.64664 78.0 54.67175 22.561028 24.166092 42.0 52.95281 46.52956 25.942244 55.758408 60.166435 65.0 33.30165 42.43819 90.13878 67.74216 85.72631 32.449963 69.46222 83.1685 89.470665 43.462627 47.201694 61.39218 50.01 30.016663 25.0 66.27216 75.23962 68.942 32.01562 52.810986 39.849716 36.40055 34.058773 34.98571 31.780497 40.0 83.86298 64.84597 61.204575 67.11929 57.697487 25.0 42.0 32.449963 82.87943 90.13878 
51.47815 80.43009 87.0 85.146935 88.45903 83.60024 86.023254 89.02247 75.66373 76.48529 78.44743 79.555016 80.622574 82.46211 84.34453 86.313385 87.32124 45.617977 45.54119 44.14748 49.24429 46.09772 51.078373 48.052055 53.851646 11.18034 14.142136 8.602325 11.18034 5.8309517 10.440307 5.3851647 0.0 10.0 62.641838 63.245552 60.40695 59.615433 60.41523 65.0 56.82429 62.649822 67.08204 64.412735 86.4523 86.683334 85.37564 47.423622 44.922153 16.40122 30.413813 60.207973 69.641945 46.09772 65.192024 36.40055 55.0 71.5891 75.16648 78.26238 56.568542 22.36068 20.615528 40.311287 52.201534 45.607018 27.018513 57.00877 60.373837 66.6033 36.05551 45.65085 90.07774 65.192024 82.46211 28.178005 65.78754 83.00603 89.94443 43.908997 48.83646 60.728905 48.373547 28.284271 22.090721 64.00781 73.00685 69.354164 26.907248 52.801514 39.812057 36.71512 36.124783 36.23534 31.38471 41.725292 81.3019 64.884514 59.841457 68.41052 53.851646 22.090721 40.311287 28.178005 84.85281 90.07774 
47.434166 74.62573 80.43009 79.05694 82.006096 78.03204 80.622574 83.21658 75.0 75.16648 77.16217 77.64664 80.0 80.622574 83.15047 85.146935 85.58621 50.803543 49.73932 47.423622 54.08327 49.24429 55.758408 51.078373 58.30952 11.18034 10.0 8.602325 5.0 5.8309517 3.0 5.3851647 10.0 0.0 53.14132 53.851646 51.078373 50.537113 51.47815 55.9017 48.259712 54.08327 58.30952 55.758408 80.21222 80.70936 83.60024 52.43091 48.76474 13.0 33.54102 60.207973 66.70832 39.051247 60.41523 35.0 55.9017 74.330345 76.48529 74.330345 50.0 20.0 25.0 40.311287 50.24938 44.04543 22.135944 51.47815 56.61272 60.464867 28.284271 37.202152 86.683334 66.70832 85.44004 33.970577 69.77106 79.81228 85.61542 39.849716 42.72002 58.549126 48.166378 28.635643 25.059929 64.93843 73.82411 65.192024 34.98571 49.47727 36.67424 32.984844 29.410883 30.870699 29.068884 35.510563 82.764725 61.400326 59.0 62.76942 58.30952 25.059929 40.311287 33.970577 78.10249 86.683334 
44.20407 46.09772 45.0 47.26521 47.0 50.01 52.95281 52.23983 75.82216 72.62231 74.20242 71.281136 79.64923 73.78347 79.05694 80.70936 78.03204 83.240616 79.05694 74.330345 84.4334 75.026665 85.09406 75.76939 86.162636 61.7171 57.306194 60.41523 55.03635 58.872746 54.230988 58.5235 62.641838 53.14132 0.0 2.0 3.6055512 7.071068 8.602325 7.0 13.453624 13.0 12.0 12.369317 47.095646 49.25444 76.321686 83.81527 77.16217 50.24938 66.09841 69.2026 58.60034 27.730848 44.65423 52.810986 70.491135 91.26335 86.4523 57.697487 29.732138 50.039986 65.03076 59.236813 55.21775 54.589375 43.104523 36.796738 48.83646 35.77709 30.066593 20.396078 69.641945 80.21222 101.21265 73.33485 93.05912 65.74192 63.324562 42.941822 32.449963 58.0 61.77378 56.88585 62.1289 76.40026 82.13403 50.77401 80.0 48.414875 46.615448 44.27189 33.54102 38.327538 49.24429 33.24154 91.967384 52.63079 64.66065 40.24922 86.162636 62.1289 59.236813 73.33485 42.0 69.641945 
43.011627 44.14748 43.0 45.276924 45.0 48.052055 50.990196 50.24938 74.330345 71.063354 72.62231 69.63476 78.10249 72.11102 77.42093 79.05694 76.321686 82.710335 78.44743 73.68175 83.81527 74.330345 84.4334 75.026665 85.44004 62.649822 58.30952 61.269894 55.9017 59.615433 55.03635 59.236813 63.245552 53.851646 2.0 0.0 3.0 5.8309517 7.071068 5.0 12.206555 11.18034 10.0 10.440307 45.099888 47.26521 74.62573 83.240616 76.537575 50.48762 65.76473 68.007355 57.00877 26.925823 43.011627 52.201534 69.46222 90.13878 85.146935 55.9017 28.284271 50.0 65.0 58.5235 54.08327 53.66563 43.011627 35.35534 47.38143 34.0 30.0 20.09975 67.77905 79.05694 100.0 73.171036 92.13034 63.953106 61.400326 42.047592 31.38471 56.63921 60.827625 56.568542 62.03225 75.21303 80.80842 49.09175 80.024994 47.201694 45.88028 43.68066 33.24154 37.85499 48.83646 32.572994 90.60905 51.088158 63.411354 38.470768 85.44004 62.03225 58.5235 73.171036 40.0 67.77905 
40.60788 43.56604 43.104523 45.044422 45.099888 47.518417 50.48762 50.039986 72.34639 69.2026 70.80254 67.95587 76.2168 70.491135 75.716576 77.388626 74.793045 79.81228 75.58439 70.837845 80.95678 71.51224 81.596565 72.235725 82.637764 60.033325 55.758408 58.59181 53.235325 56.859474 52.3259 56.462376 60.40695 51.078373 3.6055512 3.0 0.0 3.6055512 5.3851647 5.8309517 9.899495 10.198039 10.440307 10.0 45.0 47.042534 73.061615 80.36168 73.68175 47.518417 62.801273 65.60488 55.21775 24.166092 41.340054 49.335587 66.88796 87.658424 82.87943 54.626 26.24881 47.0 62.0 55.713554 51.613953 51.0 40.012497 33.30165 45.343136 32.695564 27.0 17.117243 66.730804 76.6094 97.6166 70.178345 89.470665 62.649822 60.63827 39.357338 28.84441 54.451813 58.18075 53.600372 59.03389 72.8011 78.56844 47.507893 77.02597 44.82187 43.081318 40.804413 30.265491 34.928497 45.891174 29.732138 88.4138 49.20366 61.073727 37.161808 82.637764 59.03389 55.713554 70.178345 40.112343 66.730804 
37.202152 40.311287 40.311287 42.0 42.296574 44.28318 47.26521 47.0 68.76772 65.60488 67.20119 64.3506 72.62231 66.88796 72.11102 73.78347 71.19691 77.12976 72.8011 68.007355 78.160095 68.622154 78.74643 69.289246 79.71198 59.908264 55.803226 58.30952 53.0 56.35601 51.971146 55.9017 59.615433 50.537113 7.071068 5.8309517 3.6055512 0.0 2.0 5.3851647 6.4031243 7.0 8.602325 7.28011 42.047592 44.0 69.46222 77.62087 70.88018 46.09772 60.40695 62.201286 51.613953 21.189621 37.735924 46.572525 63.631752 84.31489 79.397736 51.078373 22.671568 45.099888 60.074955 52.810986 48.259712 47.853943 38.052597 29.732138 41.773197 29.15476 25.179358 15.033297 63.245552 73.239334 94.20191 68.0294 86.313385 59.093147 57.271286 36.249138 25.553865 50.931328 55.00909 51.24451 57.00877 69.40461 75.073296 43.908997 75.16648 41.400482 40.16217 38.078865 28.01785 32.38827 43.416588 26.925823 84.89994 45.607018 57.628117 33.61547 79.71198 57.00877 52.810986 68.0294 37.336308 63.245552 
36.05551 38.327538 38.327538 40.0 40.311287 42.296574 45.276924 45.0 67.26812 64.03124 65.60488 62.681736 71.063354 65.192024 70.45566 72.11102 69.46222 76.687675 72.277245 67.44627 77.62087 68.007355 78.160095 68.622154 79.05694 61.03278 57.00877 59.36329 54.08327 57.306194 53.0 56.82429 60.41523 51.47815 8.602325 7.071068 5.3851647 2.0 0.0 5.0 5.3851647 5.0 7.071068 5.3851647 40.04997 42.0 67.74216 77.12976 70.34202 46.572525 60.207973 61.03278 50.0 20.615528 36.05551 46.09772 62.649822 83.21658 78.10249 49.24429 21.213203 45.276924 60.207973 52.201534 47.169907 47.010635 38.209946 28.284271 40.311287 27.313 25.495098 15.297058 61.351448 72.11102 93.00538 68.0 85.42833 57.271286 55.31727 35.468296 24.596748 49.57822 54.129475 51.088158 57.07889 68.24222 73.756355 42.190044 75.32596 40.22437 39.56008 37.65634 28.01785 32.140316 43.185646 26.476404 83.546394 44.04543 56.400356 31.780497 79.05694 57.07889 52.201534 68.0 35.35534 61.351448 
40.311287 39.293766 38.0 40.311287 40.0 43.174065 46.09772 45.276924 70.71068 67.26812 68.76772 65.60488 74.330345 68.007355 73.409805 75.0 72.11102 81.58431 77.12976 72.277245 82.46211 72.8011 82.96987 73.37575 83.81527 65.192024 61.03278 63.631752 58.30952 61.7171 57.306194 61.269894 65.0 55.9017 7.0 5.0 5.8309517 5.3851647 5.0 0.0 10.198039 7.071068 5.0 5.8309517 40.112343 42.296574 70.45566 82.0 75.18643 51.41984 65.192024 65.192024 53.15073 25.495098 39.051247 50.990196 67.08204 87.46428 82.006096 51.47815 25.0 50.24938 65.192024 57.00877 51.47815 51.62364 43.185646 32.01562 43.931767 29.681644 30.413813 20.22375 63.15853 76.321686 97.082436 73.0 89.961105 59.5399 56.61272 40.16217 29.15476 53.413483 58.694122 56.0803 62.072536 72.40166 77.62087 45.0 80.305664 44.418465 44.38468 42.579338 33.01515 37.12142 48.166378 31.400637 87.32124 47.38143 60.464867 34.132095 83.81527 62.072536 57.00877 73.0 35.0 63.15853 
30.805843 36.0 37.363083 38.327538 39.293766 40.0 43.0 43.289722 62.482 59.405388 61.03278 58.30952 66.4003 60.90156 66.037865 67.74216 65.29931 71.38628 66.94027 62.0967 72.277245 62.641838 72.8011 63.245552 73.68175 58.258045 54.48853 56.400356 51.224995 54.08327 50.0 53.535034 56.82429 48.259712 13.453624 12.206555 9.899495 6.4031243 5.3851647 10.198039 0.0 5.8309517 10.440307 7.615773 38.63936 40.311287 63.529522 71.80529 65.0 42.379242 55.081757 55.803226 45.486263 15.297058 31.764761 40.792156 57.306194 77.93587 73.0 45.54119 16.40122 40.60788 55.443665 46.840153 41.880783 41.62932 33.54102 23.43075 35.468296 23.769728 21.189621 11.18034 57.974133 66.85058 87.80091 63.03174 80.05623 53.488316 52.46904 30.083218 19.235384 44.553337 48.754486 46.010868 52.23983 63.007935 68.68042 38.013157 70.5762 35.0 34.20526 32.38827 23.194826 27.018513 38.052597 21.213203 78.51752 39.40812 51.224995 28.160255 73.68175 52.23983 46.840153 63.03174 34.48188 57.974133 
